line 24.53194140625 0.6068236204954955 44.318484375 34.24621545373498
line 44.318484375 34.24621545373498 44.220830144808595 72.3325670646797
line 15.575510204081635 6.14622786051357 15.118367346938776 77.04161304161303
line 15.118367346938776 77.04161304161303 34.05714285714286 71.55040755040756
line 34.05714285714286 71.55040755040756 34.05977011494253 28.32294363328846
line 15.575510204081635 6.14622786051357 34.05977011494253 28.32294363328846
line 0.0 99.4100354650183 35.15223880597015 99.41513509200847
line 35.15223880597015 99.41513509200847 36.17114427860697 127.14435685108097
line 35.15223880597015 99.41513509200847 38.57066666666667 94.28491033989317
line 38.57066666666667 94.28491033989317 38.6639175257732 121.52556680391733
line 38.57066666666667 94.28491033989317 7.850666666666667 94.11407283572234
line 0.0 99.4100354650183 7.850666666666667 94.11407283572234
line 125.26933333333332 99.27794461127795 110.80137457044673 98.80593996057914
line 110.80137457044673 98.80593996057914 78.96177777777778 76.38571905238572
line 99.776 127.23123123123123 79.296 92.06006006006007
line 79.296 92.06006006006007 52.27755102040817 92.14242814242814
line 117.59967010309279 128.0 85.90515463917525 92.86185154226392
line 128.0 77.671403362125 79.18933333333332 67.50216883550216
line 127.20355555555557 41.193193193193196 111.16088888888889 40.85151818485152
line 111.16088888888889 40.85151818485152 79.64444444444443 54.68935602268935
line 126.74844444444444 14.713380046713382 110.81955555555557 16.25091758425092
line 110.81955555555557 16.25091758425092 79.18933333333332 45.97664330997664
line 101.01333333333335 0.4804804804804805 84.48 27.22722722722723
line 84.48 27.22722722722723 87.22474226804123 27.476878940796475
line 47.41952806414662 77.50408828072058 51.174194730813284 77.67492578489143
line 51.174194730813284 77.67492578489143 51.401750286368845 93.39197616860847
line 51.401750286368845 93.39197616860847 38.77241695303551 127.90115201111763
line 36.864 75.18985652318985 7.804081632653062 88.41625298768156
line 7.804081632653062 88.41625298768156 7.850666666666667 94.11407283572234
line 105.24444444444444 128.0 81.73061224489796 93.22105779248636
line 85.58669415807562 81.11457161628984 85.90515463917525 92.86185154226392
line 125.26933333333332 99.27794461127795 85.78844444444444 76.38571905238572
line 85.78844444444444 76.38571905238572 85.78844444444444 69.55221888555222
line 85.78844444444444 76.38571905238572 78.96177777777778 76.38571905238572
line 127.20355555555557 41.193193193193196 85.5608888888889 55.3727060393727
line 85.5608888888889 55.3727060393727 85.67466666666667 66.98965632298966
line 85.67466666666667 66.98965632298966 127.54488888888889 74.16483149816483
line 85.67466666666667 66.98965632298966 79.18933333333332 67.50216883550216
line 85.5608888888889 55.3727060393727 79.64444444444443 54.68935602268935
line 79.18933333333332 45.97664330997664 81.80622222222222 46.318318318318326
line 41.56701030927835 72.7840417737325 41.74295532646048 34.21351248155372
line 41.74295532646048 34.21351248155372 40.42336769759451 31.043331991785607
line 41.74295532646048 34.21351248155372 83.35395189003434 34.741875896515076
line 56.96219931271478 34.21351248155372 56.69828178694158 86.65358141646801
line 52.79288888888889 86.8068068068068 85.44711111111111 86.8068068068068
line 69.27835051546391 86.38939970898734 69.370015625 34.564312359234236
line 92.6151111111111 32.651317984651314 85.04788732394367 32.53191219388402
line 85.04788732394367 32.53191219388402 85.33333333333333 39.65565565565566
line 85.04788732394367 32.53191219388402 83.35395189003434 34.741875896515076
line 83.35395189003434 34.741875896515076 83.75510204081633 41.34877734877735
line 32.29387755102041 72.13875099589384 32.29387755102041 76.55132683704112
line 14.4 9.578231292517001 12.702040816326532 7.322914751486175
line 12.702040816326532 7.322914751486175 12.83265306122449 85.86676472390758
line 16.249818359375 18.58807977899775 33.208163265306126 35.563400134828704
line 16.35918367346939 26.346019488876628 33.142857142857146 40.66237666237666
line 16.42448979591837 34.288656002941714 33.208163265306126 45.07495250352393
line 16.42448979591837 42.62352148066434 33.142857142857146 50.0758717901575
line 16.35918367346939 50.46810075381504 33.208163265306126 55.370962799534226
line 16.42448979591837 58.31268002696574 33.142857142857146 60.371882086167794
line 16.35918367346939 66.15725930011645 33.077551020408166 65.37280137280136
line 16.228571428571428 10.852975424403992 16.404597701149424 74.9350730040385
line 16.228571428571428 10.852975424403992 34.0595859375 31.3638061890015
line 19.16734693877551 14.579150579150575 19.347126436781608 74.05143074108591
line 22.040816326530614 17.61892504749647 21.975510204081633 73.51155236869522
line 24.45714285714286 20.560642274927986 24.26122448979592 72.82515168229453
line 26.481632653061226 22.914016056873194 26.481632653061226 72.23680823680823
line 28.31020408163265 25.169332597904024 28.50612244897959 71.8445792731507
line 30.3768203125 27.127557244744743 30.00816326530612 71.15817858675001
line 32.000822265625 28.99563039602102 31.836734693877556 71.06012134583563
line 90.39175257731958 85.2005820253243 90.30378006872851 97.74921313065643
line 87.22474226804123 27.476878940796475 90.12783505154638 22.589517352403956
line 90.12783505154638 18.098428325232454 90.12783505154638 32.36424052918899
line 86.08109965635738 32.628422236669664 85.99312714776632 27.476878940796475
line 40.53102734375 27.80709811373874 40.24742268041238 73.04822348121317
line 68.046735395189 34.4776941890344 67.87079037800686 84.80430946410328
line 49.044673539518904 85.72894544028566 51.29271484375 85.86098207582583
line 38.6639175257732 112.14711618835331 51.29271484375 85.86098207582583
