line 42.029850746268664 2.900094123974725 60.074666666666666 22.23023023023023
line 60.074666666666666 22.23023023023023 107.17866666666667 0.5338672005338687
line 60.074666666666666 22.23023023023023 59.96088888888889 72.28561895228562
line 0.6158075601374566 105.80675520881705 28.785777777777778 93.64030697364029
line 28.785777777777778 93.64030697364029 28.73903515625 101.96862096471472
line 94.43555555555557 93.12779446112779 91.42857142857142 126.84684684684683
line 24.653390625 116.20007507507508 11.428571428571427 126.98412698412697
line 12.199277978339351 95.56947561279691 23.665777777777777 91.41941941941941
line 23.665777777777777 91.41941941941941 28.785777777777778 93.64030697364029
line 0.6158075601374566 105.80675520881705 0.5551020408163276 120.57902800759942
line 0.5551020408163276 120.57902800759942 24.5444541015625 106.66534698761261
line 24.5444541015625 106.66534698761261 24.653390625 116.20007507507508
line 37.90698828125 127.85815503003003 17.9265306122449 110.28301771158912
line 20.926859375 97.03452866929429 69.1768888888889 127.63697030363697
line 94.09422222222221 97.7404070737404 124.928 105.76976976976975
line 124.928 105.76976976976975 127.88622222222222 109.86986986986986
line 91.06938775510204 92.24048538334253 94.43555555555557 93.12779446112779
line 57.697959183673476 60.46993932708218 10.820618556701028 59.046592984737316
line 77.2551111111111 30.259592926259597 95.68711111111111 24.792792792792792
line 95.2073125 63.08991999812312 77.71022222222221 63.572906239572916
line 95.00444444444443 90.56523189856522 122.76622222222223 97.2278945612279
line 122.76622222222223 97.2278945612279 127.65866666666668 102.52385719052386
line 122.76622222222223 97.2278945612279 123.5721015625 73.96262082394895
line 95.00444444444443 90.56523189856522 95.57333333333332 13.51751751751752
line 95.57333333333332 13.51751751751752 77.14133333333334 20.69269269269269
line 77.42040816326531 71.15817858675001 77.14133333333334 20.69269269269269
line 33.22311111111111 0.1921921921921922 59.96088888888889 26.159492826159493
line 49.33877551020408 68.8048048048048 49.40408163265306 71.8445792731507
line 35.42857142857144 70.17760617760617 35.55918367346939 73.21738064595208
line 77.55102040816327 33.89642703928418 95.51020408163266 29.581908439051293
line 77.7469387755102 65.66697309554452 95.24897959183674 65.86308757737329
line 60.96326530612246 77.43384200527058 74.74285714285715 78.90470061898633
line 64.55510204081634 75.08046822332535 75.2 76.15909787338359
line 64.55510204081634 75.08046822332535 60.96326530612246 77.43384200527058
line 127.44489795918368 74.19795305509591 77.42040816326531 71.15817858675001
line 116.40816326530613 71.55040755040756 78.4 69.78537721394864
line 78.4 69.78537721394864 77.42040816326531 71.15817858675001
line 97.33877551020409 70.47177790034934 97.33877551020409 65.86308757737329
line 97.33877551020409 65.86308757737329 105.56734693877551 65.66697309554452
line 105.56734693877551 65.66697309554452 105.56734693877551 70.86400686400687
line 10.556701030927833 65.9153173792349 10.644673539518898 0.5303447777674638
line 23.3127147766323 0.2661630702867873 57.70996563573883 29.458241746901546
line 57.70996563573883 29.458241746901546 57.97388316151202 69.08549786900302
line 10.732646048109963 72.7840417737325 57.88591065292096 67.36831677037863
line 10.908591065292093 36.194875287658796 57.70996563573883 50.72486919909601
line 57.62199312714776 40.28969175360928 10.820618556701028 13.343157590580276
line 35.804810996563575 10.701340515773511 35.45292096219931 59.707047253439015
line 49.264604810996566 22.85369905988463 49.176632302405494 60.10331981466002
line 9.852920962199313 94.44694178714798 10.028865979381443 87.44612653891005
line 24.5444541015625 106.66534698761261 53.568503937007875 126.72729422335722
line 0.208130081300813 17.51449009985595 9.053658536585367 21.420835469615955
line 124.8780487804878 1.5766009912351335 124.25365853658536 57.67172050098879
