line 0.01070848386734724 12.354767513275146 0.7042354583740235 15.212947654724122 5.163331794738769
line 0.13384883105754852 6.557943344116211 0.7227802276611328 13.089332580566406 8.933205795288085
line 0.04662906005978584 14.013955211639404 7.060579013824463 15.433619689941406 6.163356971740723
line 0.1573811173439026 110.50705900192261 0.6220962524414062 110.73693408966065 14.408584594726562
line 0.5506058931350708 123.77683234214783 0.597552490234375 123.95352482795715 13.888925170898437
line 0.01620767079293728 127.65504660606385 1.7092247009277344 127.91960644721985 14.146552276611327
line 0.11430896073579788 110.46676506996155 0.6316162109375 110.75506887435913 16.806436920166014
line 0.2633502781391144 12.746461105346679 8.769067287445068 15.009657096862792 9.728534698486328
line 0.0509692057967186 92.20637664794921 22.613462829589842 109.57884521484375 0.3925483703613281
line 0.05295216292142868 24.08943862915039 -0.20818634033203126 40.19484634399414 27.6078125
line 0.5764899849891663 84.39719009399414 27.33917999267578 100.99430847167969 0.4975006103515625
line 0.05530758202075958 91.00943527221679 25.901268005371094 108.00452575683593 2.1456146240234375
line 0.09470584243535995 12.72461166381836 1.1133316040039063 33.06316452026367 27.6417236328125
line 0.5415786504745483 110.56199645996094 15.004845523834229 127.40363082885742 13.850978183746339
line 0.04842930659651756 126.46831030845642 14.122281146049499 127.66912250518799 14.98582034111023
line 0.22052985429763794 110.49840364456176 14.920159006118775 110.78205637931823 16.952841377258302
line 0.07644254714250565 87.30984115600586 29.110748291015625 107.65124893188477 3.258374786376953
line 0.4996563494205475 110.42587585449219 16.945289516448973 127.66325378417969 15.55303077697754
line 0.07969039678573608 110.55879936218261 16.99672451019287 122.84816055297851 16.14015417098999
line 0.5604719519615173 15.654840087890625 5.530419921875 33.682526397705075 28.73157730102539
line 0.6833512187004089 23.995361328125 0.5256622314453125 44.380741119384766 33.930731201171874
line 0.011137367226183414 75.73732528686523 17.580725288391115 78.97081317901612 17.406234169006346
line 0.017821967601776123 111.89314060211181 19.740144729614258 117.52598190307617 16.66225471496582
line 0.034713223576545715 90.71699967384339 17.294450950622558 90.79545063972473 22.732309532165527
line 0.012828037142753601 111.45478210449218 25.20042495727539 125.70736312866211 15.132878875732422
line 0.5400300025939941 16.016214752197264 10.336344909667968 33.86747665405274 30.716585540771483
line 0.03334450721740723 90.60281538963318 17.681843566894532 90.78610143661498 23.451325988769533
line 0.12410847097635269 85.15402812957764 25.30751953125 89.80034942626953 19.09235954284668
line 0.05699549987912178 90.85773191452026 16.833054733276366 90.97214331626893 27.31188087463379
line 0.1210520938038826 93.03035583496094 32.680274963378906 109.8082290649414 15.836380004882812
line 0.3942156136035919 86.97791213989258 27.388416481018066 90.2858383178711 22.478800582885743
line 0.41101914644241333 90.99758591651917 16.455203247070312 90.9860634803772 33.71469268798828
line 0.46107155084609985 16.249605560302733 18.243911743164062 33.48495178222656 35.43611373901367
line 0.5273685455322266 84.2736644744873 27.22125244140625 87.46901245117188 27.30305709838867
line 0.18037448823451996 90.3979422569275 21.057110595703126 90.59502339363098 33.95860710144043
line 0.22451256215572357 87.72532939910889 30.173593521118164 90.6924578666687 29.171122217178343
line 0.016626926138997078 30.970182609558105 28.887133646011353 33.658250999450686 30.535031032562255
line 0.3312050998210907 86.04348106384278 27.199793815612793 86.04584035873413 32.7786979675293
line 0.16039793193340302 88.44464874267578 42.90268402099609 122.61936645507812 16.839937591552733
line 0.5312209129333496 40.221733283996585 27.060636520385742 44.73745193481445 34.1379898071289
line 0.4985466003417969 79.29666900634766 46.8198974609375 110.78214111328126 14.881982421875
line 0.14501512050628662 90.84340229034424 28.74192123413086 91.0301812171936 32.95753784179688
line 0.03198743611574173 82.48720092773438 45.096458435058594 117.76213836669922 16.84808349609375
line 0.04896850511431694 112.01756315231323 25.5819953918457 112.25295853614807 39.426614379882814
line 0.5886078476905823 85.50519847869873 33.191444873809814 91.78396644592286 33.12572803497314
line 0.48197948932647705 16.24085922241211 26.802222061157227 33.576734924316405 40.27064056396485
line 0.013940797187387943 82.01986389160156 46.746804809570314 112.79124755859375 19.864202880859374
line 0.5491214990615845 83.3304045677185 34.562953090667726 85.34879493713379 32.750562858581546
line 0.16137035191059113 40.782473945617674 34.117156171798705 43.89755821228027 34.45797371864319
line 0.26152756810188293 44.39219436645508 34.20968437194824 56.502511215209964 34.16138472557068
line 0.5332174301147461 45.14029083251953 33.9160795211792 83.13483581542968 33.96880865097046
line 0.09066534042358398 44.71389312744141 33.869538354873654 90.94872741699218 34.32581000328064
line 0.015537929721176624 86.52499694824219 45.043524169921874 113.91896362304688 23.24408950805664
line 0.1258465051651001 43.491093444824216 33.73177089691162 69.57147979736328 34.784276604652405
line 0.1352616846561432 69.1854019165039 34.412074613571164 83.33762054443359 34.7468385219574
line 0.0525604747235775 112.10273776054382 29.632696914672852 112.26035327911377 39.56647644042969
line 0.02275971882045269 116.0260498046875 30.40417823791504 116.35113315582275 39.25464973449707
line 0.35400623083114624 57.97308921813965 35.88920087814331 67.74916152954101 36.02349281311035
line 0.3499367833137512 85.29509091377258 33.08027954101563 85.23727736473083 40.47147560119629
line 0.35391998291015625 83.29757575988769 34.41535339355469 83.55293250083923 41.80049438476563
line 0.20982511341571808 112.05994262695313 39.67913589477539 127.39052886962891 39.44923968315125
line 0.43662551045417786 16.210497283935545 34.39389152526856 33.651188659667966 45.295785140991214
line 0.16596293449401855 81.13556900024415 41.11713848114014 83.13072195053101 38.62592391967773
line 0.03256655111908913 69.09467544555665 40.40859231948853 81.11936492919922 40.51329097747803
line 0.01943058706820011 111.58976182937622 38.82109422683716 111.79926085472107 41.11578969955444
line 0.03010897897183895 126.07937421798707 40.122615456581116 127.82514610290528 40.68847212791443
line 0.37562283873558044 111.05564804077149 41.29230470657349 127.71093063354492 40.78382887840271
line 0.3647208511829376 15.59845519065857 5.091143798828125 15.945422077178955 77.57927551269532
line 0.021081428974866867 110.85769081115723 41.92485427856445 121.01611824035645 41.2846321105957
line 0.15648868680000305 81.12763628959655 40.58229169845581 81.2712553024292 43.61435546875
line 0.08556874841451645 12.779278326034547 6.23157958984375 12.994701814651489 80.11474609375
line 0.2623630166053772 82.60831203460694 43.019990015029904 88.83413009643554 42.97030181884766
line 0.010817054659128189 110.2813175201416 44.54104652404785 121.44394721984864 41.437625122070315
line 0.23321078717708588 115.7610050201416 46.094040870666504 127.60874290466309 42.37704639434814
line 0.2421567738056183 19.03216757774353 73.08644104003906 19.652911376953124 16.314642333984374
line 0.4473702907562256 21.996389150619507 18.002468872070313 22.290425062179565 72.28887023925782
line 0.018840758129954338 86.75314331054688 51.16613502502442 112.82898559570313 39.65029602050781
line 0.4695953130722046 79.30242958068848 46.12884578704834 87.02153816223145 45.700677442550656
line 0.010990286245942116 91.666752243042 42.58750972747803 91.92648944854736 48.90606002807617
line 0.3944556713104248 16.684073638916015 42.1431381225586 33.49437408447265 50.430364990234374
line 0.27397212386131287 79.34626245498657 46.327870750427245 82.1786334991455 46.62473230361938
line 0.04566594213247299 88.07070121765136 43.32859649658203 88.42158489227295 50.240213012695314
line 0.2877418100833893 12.817108535766602 8.020855712890626 13.216121578216553 86.19134216308593
line 0.024824688211083412 15.952392959594727 16.985183715820312 16.151441049575805 76.76810913085937
line 0.2607981562614441 27.201625967025755 24.519586181640626 27.94290370941162 71.65816345214844
line 0.44239890575408936 79.39006042480469 55.10027923583984 111.16596832275391 40.41259536743164
line 0.20020776987075806 87.22530059814453 54.922813415527344 126.08158264160156 40.53207778930664
line 0.3235583007335663 90.47029266357421 54.22946319580078 127.64258880615235 41.37970886230469
line 0.3529595136642456 28.630890607833862 24.291395568847655 28.86239719390869 72.43931884765625
line 0.02316584810614586 87.73329620361328 54.14069786071777 118.42367706298828 42.157963562011716
line 0.04257434979081154 86.79827361106872 45.85338249206543 87.11516160964966 51.24222412109375
line 0.018358547240495682 86.22481536865234 54.528660202026366 112.54012756347656 43.180657958984376
line 0.40316736698150635 30.61652898788452 26.857469177246095 30.790017461776735 71.6246551513672
line 0.011003026738762856 38.32438254356384 26.8635498046875 38.38249144554138 72.75892639160156
line 0.6334717869758606 33.9127598285675 29.088473510742187 34.0271674156189 71.56990966796874
line 0.013869780115783215 36.98142404556275 27.008111572265626 37.140690660476686 73.37500305175782
line 0.5820140838623047 40.42734704017639 27.613059997558594 40.4935875415802 72.75498962402344
line 0.5447877645492554 81.81386651992798 46.59658927917481 81.83699245452881 53.79177627563477
line 0.16364538669586182 90.46107711791993 54.35461006164551 112.48631744384765 46.88294868469238
line 0.011282270774245262 31.84981460571289 33.04666595458984 32.23464331626892 71.91569213867187
line 0.6701626777648926 16.175377655029298 50.704010772705075 33.802818298339844 55.05389575958252
line 0.20079098641872406 41.49290919303894 34.63157196044922 41.7378173828125 72.31632385253906
line 0.6757413744926453 44.13545460700989 34.26851196289063 44.27182421684265 72.15716552734375
line 0.05153411999344826 79.05882925987244 54.77049341201782 80.05500736236573 54.71108651161194
line 0.5632886290550232 79.38295879364014 54.96393084526062 85.65325698852538 54.97905006408691
line 0.4934639632701874 79.45157852172852 54.82236022949219 90.16665153503418 54.89408693313599
line 0.4219623804092407 86.06985893249512 54.77020492553711 89.89572448730469 54.95928225517273
line 0.06190736964344978 116.78166809082032 55.441842555999756 127.4348804473877 54.46811170578003
line 0.22618062794208527 90.49157929420471 54.18705291748047 90.72094736099243 57.54291877746582
line 0.014684254303574562 126.84285702705384 71.82456665039062 128.3600564956665 42.639276123046876
line 0.02596161887049675 85.74103946685791 57.423499298095706 90.2341911315918 57.99288656711578
line 0.019803263247013092 44.19343502521515 34.96282806396484 44.638009548187256 81.53083190917968
line 0.010806513950228691 83.314280128479 56.20347309112549 83.36402521133422 60.13919239044189
line 0.6902890801429749 15.988151550292969 58.42861919403076 33.767485809326175 59.98022751808166
line 0.01356713380664587 30.7409245967865 50.116946411132815 30.96134662628174 68.87404556274414
line 0.013140896335244179 31.90379662513733 51.982180786132815 32.228196144104004 67.48719329833985
line 0.01434964220970869 107.75227875709534 56.8438642501831 108.0431893825531 62.50675048828125
line 0.5133153200149536 69.03774724006652 34.378359985351565 69.15840225219726 86.16861267089844
line 0.6294070482254028 56.820433950424196 34.48133544921875 56.9814444065094 86.35612182617187
line 0.31683194637298584 67.81483702659607 35.614540100097656 67.94658432006835 85.77088928222656
line 0.5767757892608643 90.44034633636474 54.46370658874512 90.7031485080719 66.98222732543945
line 0.5249288082122803 85.79448637962341 54.96917610168457 85.88983883857728 66.89045219421386
line 0.27578166127204895 83.34141397476196 56.11162414550781 83.33962874412536 66.53054695129394
line 0.05152986943721771 68.47320070266724 36.476498413085935 68.63797845840455 88.91126098632813
line 0.011430476792156696 123.45797734260559 54.97200469970703 123.69756798744201 71.1362922668457
line 0.22124193608760834 56.79187121391296 34.53990173339844 56.98376750946045 91.77999572753906
line 0.6460527181625366 16.305494689941405 66.37287368774415 33.52595825195313 64.84368047714233
line 0.16331151127815247 79.30886497497559 67.42907743453979 82.93986797332764 66.52789287567138
line 0.11605196446180344 79.3001256942749 67.4858263015747 84.73219718933106 66.73386244773864
line 0.35566622018814087 78.87675971984864 67.32745294570923 90.48577728271485 67.01864924430848
line 0.1434188038110733 82.63687896728516 67.19655389785767 91.084423828125 67.19278886318207
line 0.07544305920600891 78.98401625156403 67.19709782600403 79.7623185634613 68.19905948638916
line 0.0909837931394577 79.20911102294922 67.42622423171997 85.04178771972656 68.66487307548523
line 0.01211326289921999 38.129920387268065 69.10190849304199 40.54270887374878 68.79430813789368
line 0.21942371129989624 85.81258850097656 67.00253067016601 123.55431213378907 71.49184188842773
line 0.38642698526382446 90.80170440673828 67.15538482666015 124.12044219970703 71.54597911834716
line 0.17966605722904205 91.32908477783204 67.2885913848877 127.44592742919922 72.23434429168701
line 0.05797922983765602 31.099447631835936 69.9431471824646 34.0331916809082 70.61477870941162
line 0.09564509987831116 90.72280578613281 67.95657787322997 127.52246856689453 74.13212890625
line 0.2878117561340332 16.540437316894533 73.0999813079834 33.21333694458008 69.77017650604247
line 0.040420934557914734 79.06770815849305 67.90673828125 79.37694659233094 76.0385841369629
line 0.025345485657453537 32.29440975189209 72.73333892822265 34.026945972442626 71.64589147567749
line 0.047048166394233704 40.92665519714355 72.91544847488403 46.39861145019531 71.91420764923096
line 0.09104457497596741 36.70512771606445 72.12877476215363 40.35325870513916 72.96628437042236
line 0.6119378209114075 85.6992084980011 69.28097438812256 85.772536611557 75.9727798461914
line 0.456224262714386 16.311536407470705 75.36244983673096 33.705648040771486 70.84314041137695
line 0.34677931666374207 88.2755826473236 70.22706089019775 88.37290968894959 76.38045806884766
line 0.4692913889884949 79.43541870117187 67.47300643920899 127.38466033935546 79.28744697570801
line 0.5443527698516846 15.261724090576172 77.23309135437012 34.047994232177736 71.85418357849122
line 0.45838290452957153 32.318828916549684 72.5929111480713 32.413507509231565 76.85525493621826
line 0.06475736200809479 85.48929443359376 68.98172569274902 128.6308334350586 80.06737327575684
line 0.2578046917915344 78.73629646301269 76.53051614761353 85.90619354248047 75.93327054977416
line 0.6148889064788818 79.31709480285645 76.4164179801941 88.52910499572754 76.11696200370788
line 0.05441586300730705 85.69523181915284 76.46233639717101 88.50692501068116 76.70494084358215
line 0.5206036567687988 47.28125286102295 77.19864521026611 50.75939025878906 77.17308852672576
line 0.17855803668498993 27.17908821105957 79.97673454284669 36.57160758972168 75.81918849945069
line 0.17488442361354828 50.05118327140808 77.15788860321045 51.35645008087158 78.44324436187745
line 0.3579730689525604 23.323159408569335 81.13057250976563 36.53751220703125 75.26300163269043
line 0.14619258046150208 50.827571392059326 78.29502649307251 51.85775947570801 79.54661874771118
line 0.18898239731788635 79.19656410217286 76.45296955108643 86.58928451538085 81.73925552368163
line 0.036960288882255554 16.21236572265625 84.1264705657959 38.47874526977539 74.53218421936035
line 0.03629251942038536 10.677650451660156 86.90910949707032 42.39060821533203 73.0683708190918
line 0.05093606561422348 80.6291893005371 76.58326683044433 88.79020614624024 84.20491943359374
line 0.17047618329524994 12.462885284423828 86.2380615234375 36.16150054931641 75.97081985473633
line 0.1351417452096939 27.214633178710937 80.1775848865509 35.60915756225586 82.34672002792358
line 0.18793873488903046 11.403052520751952 86.80835914611816 33.60832824707031 76.51938552856446
line 0.25624972581863403 50.876231861114505 77.24463005065918 51.06346979141235 86.12382736206055
line 0.2274705022573471 27.22171993255615 80.14489183425903 27.569019651412965 83.18780660629272
line 0.14196735620498657 8.793745422363282 88.05112800598144 33.43132095336914 76.55329818725586
line 0.010502012446522713 88.07999038696289 82.50420770645141 95.35549125671386 81.74903860092164
line 0.01037487294524908 85.74710865020752 79.19195938110352 90.418212890625 87.03233528137207
line 0.042313624173402786 8.174147796630859 88.66438789367676 28.786286926269533 79.41685600280762
line 0.03388850763440132 8.246259307861328 88.21460304260253 25.585784912109375 80.83471298217773
line 0.1344997137784958 85.81740369796753 77.14644317626953 85.83505024909974 91.86929397583008
line 0.03542740270495415 10.843528366088867 87.28768768310547 20.73538818359375 82.58565177917481
line 0.3592146337032318 48.37205848693848 85.18154187202454 51.266455078125 85.90164308547973
line 0.24805907905101776 90.50622749328613 85.85922327041627 96.47249603271484 85.51886529922486
line 0.202634796500206 7.655279922485351 88.64818820953369 18.2665771484375 83.86747035980224
line 0.5321329832077026 51.73998022079468 79.02479248046875 51.941711568832396 93.37115097045898
line 0.32550951838493347 50.340415954589844 86.1043936252594 86.73677062988281 86.48385796546935
line 0.5195046067237854 52.14449920654297 86.53506164550781 90.27924499511718 86.26569638252258
line 0.2002190798521042 57.23403472900391 86.3052248954773 90.94996643066406 86.27019400596619
line 0.11074382811784744 69.31191558837891 86.24051299095154 89.43639297485352 86.43222036361695
line 0.27570948004722595 52.33223342895508 86.71549558639526 56.8631046295166 86.50965871810914
line 0.08008900284767151 57.00824689865112 86.70206079483032 58.65719013214111 85.97341442108154
line 0.6569334864616394 85.89505009651184 81.81482391357422 85.80190448760986 92.33894805908203
line 0.015214941464364529 94.90242156982421 86.20252532958985 101.82224464416504 89.40325469970703
line 0.016347158700227737 95.21982765197754 86.2718373298645 102.81980209350586 89.53339824676513
line 0.015311903320252895 96.05616073608398 86.41066846847534 103.73550987243652 90.19627685546875
line 0.1262044459581375 86.20764770507813 77.84036865234376 123.90832214355468 98.55616455078125
line 0.01311781257390976 42.032752227783206 90.40239601135254 51.535118865966794 86.85927772521973
line 0.6156331300735474 79.4700439453125 76.3670425415039 110.49282684326172 100.78425598144531
line 0.19564814865589142 87.99457702636718 77.79516906738282 125.50952911376953 99.96271896362305
line 0.1811697781085968 7.4638671875 89.1252151966095 11.542612838745118 89.66749057769775
line 0.082206130027771 52.360574340820314 88.96593656539918 79.99207763671875 90.35884628295898
line 0.23499129712581635 85.7580864906311 83.4843807220459 85.92983937263489 96.22229461669922
line 0.03683241456747055 40.87096748352051 93.54815788269043 51.43274154663086 87.09069480895997
line 0.05995093658566475 37.461750221252444 82.69765930175781 41.110807228088376 98.27846145629883
line 0.1681201010942459 51.550474071502684 86.54356536865234 51.79223666191101 94.58452835083008
line 0.029663752764463425 100.1830680847168 90.46494717597962 105.21023216247559 90.3896852016449
line 0.11695493757724762 104.17838945388795 91.76108226776122 106.66036911010742 89.67017574310303
line 0.0667181983590126 85.84961166381837 81.84410552978515 110.84531860351562 100.36049423217773
line 0.04837784171104431 39.82080421447754 93.11700420379638 42.15862846374512 89.72216529846192
line 0.5473760962486267 7.489858770370484 89.40605716705322 7.601337623596192 94.14491710662841
line 0.08353634178638458 11.720166635513305 89.5678186416626 11.90991277694702 93.86698341369629
line 0.6101776957511902 90.54944076538087 85.74613037109376 90.63960218429565 97.4201473236084
line 0.049522850662469864 101.85032806396484 86.49067687988281 121.03589782714843 97.43738708496093
line 0.011504026129841805 40.73347091674805 97.89211921691894 51.48765563964844 86.32793655395508
line 0.021654091775417328 52.36020984649658 92.2232093334198 56.97249183654785 92.40690088272095
line 0.5841715931892395 52.11669006347656 92.38275861740112 79.5553482055664 91.85551643371582
line 0.08385492116212845 8.100360107421874 93.8467248916626 34.96529083251953 91.99311323165894
line 0.021107874810695648 43.26141204833984 100.11906433105469 51.76536140441895 86.05664443969727
line 0.02144586853682995 44.11794548034668 99.57464752197265 51.91744041442871 86.55005798339843
line 0.09113139659166336 81.94915580749512 93.08975839614868 85.92945156097412 92.85593767166138
line 0.4382392168045044 91.05149688720704 85.63014678955078 110.76265029907226 100.14372024536132
line 0.011176049709320068 96.11289534568786 91.7411024093628 96.50815868377686 95.28316802978516
line 0.10417161136865616 7.366655349731445 94.37123880386352 17.531666946411132 93.72422733306885
line 0.01272653043270111 33.221407890319824 93.38613760471344 37.90128593444824 94.46544170379639
line 0.05435936525464058 51.122980213165285 94.5294885635376 52.407555103302 93.43843994140624
line 0.11951996386051178 7.7487537384033205 94.2567367553711 12.05816192626953 93.89295043945313
line 0.1590682566165924 102.02313423156738 90.73931655883788 113.35004959106445 98.65272750854493
line 0.13258947432041168 107.1894401550293 89.40283660888672 125.17105102539062 99.76812477111817
line 0.05534811690449715 39.98510341644287 92.39196701049805 41.32651481628418 97.85711002349854
line 0.2195671647787094 56.56087031364441 96.65439052581787 58.07956199645996 93.1444595336914
line 0.147307887673378 86.16916542053222 92.64408359527587 90.5415756225586 97.6052843093872
line 0.1149226501584053 4.6579536437988285 96.18107481002808 7.654275703430176 94.43359708786011
line 0.2319176197052002 4.247099304199219 95.7665093421936 36.88899536132813 95.13099069595337
line 0.2491818368434906 2.567308044433594 97.76536998748779 5.702165603637695 95.08075313568115
line 0.21392996609210968 35.33697738647461 97.91631355285645 37.75991630554199 94.42284717559815
line 0.013494569808244705 56.396712112426755 96.70598483085632 65.00838356018066 97.20668449401856
line 0.43885964155197144 0.4359914779663086 99.03271884918213 4.6362663269042965 95.7579418182373
line 0.2714119553565979 2.044775390625 97.70270848274231 35.65487365722656 97.89551682472229
line 0.37211576104164124 38.30397720336914 110.08139343261719 51.88703155517578 86.54661254882812
line 0.33618319034576416 38.57209815979004 98.67378225326539 44.43167991638184 98.4308012008667
line 0.2885001003742218 110.16419296264648 98.95856037139893 125.45390701293945 98.51275124549866
line 0.21937516331672668 0.23719329833984376 98.95693714618683 35.38220367431641 99.543660902977
line 0.11983150243759155 110.32228846549988 98.9819906949997 111.01246786117554 100.47252559661865
line 0.02435011975467205 124.92581617832184 99.16730933189392 126.09549865722656 100.32579884529113
line 0.2999754548072815 36.9950927734375 113.35496978759765 52.06299896240235 87.54961242675782
line 0.5844781398773193 110.67132873535157 100.72704744338989 125.24296493530274 100.23358736038207
line 0.050725433975458145 125.16817216873169 99.82477054595947 127.40036964416504 105.23071231842042
line 0.2588600218296051 36.89720497131348 116.05990753173828 49.8504135131836 90.01892471313477
line 0.12970350682735443 45.043961024284364 98.84646530151367 45.77054944038391 107.64522705078124
line 0.12849894165992737 38.31229748725891 95.6569580078125 38.62973551750183 111.23738479614258
line 0.1418926864862442 38.40604329109192 97.94808502197266 38.61068325042724 112.93004531860352
line 0.05588560178875923 114.36546034812928 100.71011505126953 114.51250290870667 109.86154823303222
line 0.2451309710741043 38.558617782592776 112.34792633056641 45.06065826416015 99.21701126098633
line 0.020353030413389206 37.82646942138672 122.12226257324218 51.16340942382813 92.12210998535156
line 0.021016353741288185 82.6265869140625 88.36357116699219 115.06409301757813 125.29149780273437
line 0.2873871624469757 38.424449634552005 97.74400787353515 38.610208082199094 119.4491958618164
line 0.5545536279678345 80.96905288696288 90.57346801757812 105.04747695922852 127.67450561523438
line 0.6197525262832642 79.54259948730468 91.97951812744141 99.91288681030274 127.24827575683594
line 0.6066069006919861 85.71091918945312 92.24301452636719 117.09511871337891 127.39838256835938
line 0.4256841242313385 38.47685432434082 127.61441040039062 51.77588043212891 93.74795532226562
line 0.011197470128536224 126.67468938827514 100.09358520507813 128.01575117111207 121.5146240234375
line 0.014371553435921669 107.53986892700195 103.3973892211914 127.23301162719727 120.88163604736329
line 0.23448356986045837 38.32515449523926 98.75739135742188 38.667782831192014 126.44245300292968
line 0.15413911640644073 89.9307357788086 96.95721130371093 117.5346893310547 128.24974975585937
line 0.5445380210876465 35.80398159027099 97.96922149658204 35.96025357246399 127.79718017578125
line 0.025302555412054062 89.82925872802734 96.83280639648437 120.50093688964844 131.54470520019532
line 0.014459971338510513 37.637223434448245 124.12140350341797 44.35174407958984 106.33881301879883
line 0.046865638345479965 113.91981887817383 109.15862808227538 128.18371353149413 121.82430267333984
line 0.03553999215364456 35.72833430767059 99.3596176147461 36.21732683181763 132.08214721679687
line 0.034678250551223755 94.45065803527832 118.09723148345947 98.82862586975098 118.52524428367614
line 0.26350781321525574 36.29032897949219 124.78923110961914 38.6296308517456 120.67420825958251
line 0.023986035957932472 105.44405097961426 127.28928298950196 111.4264461517334 126.38201332092285
line 0.04871257767081261 109.84362678527832 126.03465266227722 112.92690849304199 127.26204128265381
