line 0.03877813369035721 59.78184204101562 22.11279754638672 120.98544921875 -5.5275115966796875
line 0.06791119277477264 59.826473999023435 22.11304168701172 114.07948303222656 -2.638646697998047
line 0.13364247977733612 9.520966482162475 0.8084228515625 9.740110111236572 20.65745620727539
line 0.3512742817401886 44.73530654907226 0.6278656005859375 61.17234725952149 20.96140899658203
line 0.5822466015815735 40.12017059326172 0.4448150634765625 59.47447814941406 21.991263580322265
line 0.6440014839172363 59.60435943603515 22.704229736328124 107.46467895507813 0.2722564697265625
line 0.0449606329202652 54.47324676513672 24.467439270019533 105.80059509277343 1.2002433776855468
line 0.5973455905914307 33.21192626953125 0.2113494873046875 60.191854858398436 26.446621704101563
line 0.6275134086608887 22.926394653320312 0.3033905029296875 58.34721374511719 30.232009887695312
line 0.5471869111061096 77.0240867614746 20.70371284484863 95.5624168395996 13.360688018798829
line 0.017437251284718513 -4.822105407714844 14.987380981445312 10.14304428100586 21.539552307128908
line 0.02104257047176361 10.346197319030761 0.9728866577148437 10.711652183532715 36.152407836914065
line 0.28525879979133606 95.52012047767639 13.716283798217773 95.57608909606934 24.403338623046874
line 0.64812833070755 0.10853042602539062 17.150273895263673 9.896294403076173 21.972874259948732
line 0.020965123549103737 60.647885131835935 26.962802124023437 96.8008056640625 12.976502990722656
line 0.018134867772459984 124.30741395950318 0.6506378173828125 124.61138777732849 45.455020141601565
line 0.11403250694274902 59.5446897983551 22.937037563323976 60.03420214653015 25.522315502166748
line 0.08062895387411118 52.99723091125488 25.400291538238527 56.99880409240723 23.723573207855225
line 0.14248943328857422 76.69145622253419 20.667116165161133 76.9930452823639 30.43568687438965
line 0.018860425800085068 57.76370906829834 26.431188583374023 60.06821002960205 26.394906401634216
line 0.48584866523742676 10.829029846191407 13.515383911132812 58.424034118652344 40.44576721191406
line 0.49797049164772034 76.97475738525391 30.524551391601562 95.33225860595704 24.947172164916992
line 0.02523721195757389 122.25813348293305 54.74296875 122.72943797111512 0.817236328125
line 0.07019837945699692 10.24839882850647 1.43023681640625 10.580039644241333 57.556329345703126
line 0.06652823090553284 123.45092096328736 51.889695739746095 123.67080087661743 7.410772705078125
line 0.043847884982824326 76.75688695907593 31.001914310455323 77.54161562919617 32.86781568527222
line 0.47018563747406006 77.25281448364258 34.11333541870117 95.17455291748047 29.531320762634277
line 0.031274013221263885 123.53331084251404 61.709844970703124 124.01996321678162 1.6325531005859375
line 0.014283738099038601 35.275577545166016 27.354827880859375 58.40888977050781 40.02071685791016
line 0.4447441101074219 0.05693130493164063 31.581346893310545 9.998937606811523 37.98132724761963
line 0.5636827945709229 35.50317826271057 11.118199157714844 35.68885116577148 59.54777526855469
line 0.38838356733322144 10.022308444976806 -0.1831756591796875 10.375391149520874 71.5049072265625
line 0.10376471281051636 123.19359436035157 70.8400665283203 124.11133856773377 0.9131072998046875
line 0.060260020196437836 94.79981718063354 64.67623596191406 95.4085039138794 12.589956665039063
line 0.12068698555231094 49.397076511383055 18.933413696289062 49.55586371421814 59.09392395019531
line 0.3113853633403778 -0.03171958923339844 37.3193717956543 10.194643020629883 45.36398162841797
line 0.04778328165411949 9.386577701568603 37.70905456542969 9.724734497070312 44.68896980285645
line 0.5752389430999756 49.39220900535584 22.63703155517578 49.48896074295044 60.8191162109375
line 0.02329322323203087 59.883332586288454 25.369873046875 60.15252947807312 58.098123168945314
line 0.18644747138023376 95.04743223190307 70.39371643066406 95.41390480995179 12.962274169921875
line 0.011147899553179741 77.20647869110107 15.863497924804687 77.55252957344055 68.5314208984375
line 0.012701925821602345 58.19282970428467 26.229489135742188 58.386088848114014 59.05133972167969
line 0.021823285147547722 9.754868364334106 36.445291900634764 10.166688632965087 49.63770599365235
line 0.4274246394634247 10.762876892089844 36.24155120849609 58.42490692138672 50.51335906982422
line 0.012517997995018959 58.18822531700134 26.019158935546876 58.355611419677736 60.81739807128906
line 0.02316560223698616 9.543893671035766 37.443292236328126 9.778569841384888 49.873169326782225
line 0.1366799920797348 76.93522877693177 21.609127807617188 77.34063739776612 69.9294189453125
line 0.47362223267555237 0.042499542236328125 41.379298782348634 10.000642395019531 51.369541549682616
line 0.03483600169420242 49.33947257995605 24.618183898925782 49.51656937599182 67.31855163574218
line 0.2829151153564453 59.887980461120605 24.818817138671875 60.1446870803833 67.71289672851563
line 0.16147512197494507 10.444330835342408 91.39305725097657 10.883510112762451 2.286895751953125
line 0.3664434254169464 58.01573476791382 26.03118133544922 58.216126537323 67.16654052734376
line 0.10499981790781021 95.00451309680939 65.03945617675781 95.4493649482727 29.101211547851562
line 0.10161192715167999 61.580057334899905 22.530772399902343 61.74770975112915 73.03746643066407
line 0.11631496250629425 10.5459135055542 32.0693359375 10.690608167648316 64.6483154296875
line 0.3015763461589813 58.06721482276917 29.458612060546876 58.25441212654114 68.08481140136719
line 0.39013415575027466 59.959661912918094 26.405572509765626 60.08764724731445 70.7611083984375
line 0.23048965632915497 94.77461128234863 69.86633911132813 95.46785192489624 29.19842529296875
line 0.05419797822833061 10.202092027664184 5.1003265380859375 10.469526529312134 96.41585083007813
line 0.18920333683490753 77.12881760597229 33.83565673828125 77.45413818359376 70.53454284667968
line 0.04091070219874382 10.355439758300781 93.40827331542968 11.397939014434815 14.707583618164062
line 0.13754060864448547 49.383298349380496 48.7310432434082 49.4621919631958 60.1478687286377
line 0.03621966391801834 116.51718788146972 56.04927129745484 122.55303192138672 56.18904361724854
line 0.012828622944653034 11.289107513427734 58.37097053527832 34.67301712036133 59.47540097236633
line 0.030718836933374405 36.28317489624023 59.04544286727905 48.69527359008789 59.7408401966095
line 0.5415160059928894 10.969046020507813 58.87055835723877 57.66908569335938 60.810461616516115
line 0.012837192974984646 0.030686569213867188 63.65235052108765 9.880604934692382 63.349316358566284
line 0.3079163432121277 77.81629943847656 63.62943305969238 95.02319259643555 63.59193859100342
line 0.1625305414199829 56.430659437179564 61.14401092529297 56.429102182388306 67.12079124450683
line 0.1214204803109169 78.08311538696289 64.5574693441391 94.94413757324219 65.5024676322937
line 0.03181063011288643 81.13052520751953 64.76844620704651 103.05909729003906 66.0359483718872
line 0.5791521668434143 97.32667922973633 65.69284992218017 105.71785430908203 65.68230657577514
line 0.0395716056227684 121.64473929405213 72.15263633728027 122.23247499465943 62.585284042358396
line 0.07019255310297012 94.93466787338257 65.60234241485595 94.91597857475281 69.73239822387696
line 0.46558868885040283 97.34214696884155 65.62740707397461 97.53443450927735 70.46202793121338
line 0.4956745207309723 105.37869000434875 65.81283397674561 105.49868931770325 70.52252254486083
line 0.10948840528726578 16.971585083007813 71.43590717315674 57.50069580078125 66.95177154541015
line 0.3796504735946655 10.484349060058594 72.92418327331544 58.22617797851562 67.46753273010253
line 0.023129437118768692 85.43461227416992 70.28770780563354 94.97182121276856 70.41995506286621
line 0.024019714444875717 87.78628158569336 70.56270332336426 95.16880378723144 70.51843843460082
line 0.024242402985692024 89.10334930419921 70.42504825592042 100.55836639404296 70.79572734832763
line 0.023872556164860725 80.11642913818359 69.88948245048523 114.56674194335938 70.78642630577087
line 0.028942294418811798 81.22970046997071 70.1955679178238 95.39152374267579 70.63330178260803
line 0.12579511106014252 78.27098999023437 70.1674976348877 122.15817260742188 71.66473941802978
line 0.19041456282138824 88.29582824707032 69.81133232116699 122.98253936767578 72.42176361083985
line 0.21944640576839447 77.74777259826661 71.12611813545227 89.02032203674317 71.7858525276184
line 0.0461704321205616 102.78992614746093 70.8331774711609 119.00469055175782 72.01384572982788
line 0.16522984206676483 35.02819061279297 70.6604248046875 35.190328407287595 73.60593948364257
line 0.04214435815811157 116.03583488464355 71.81390988826752 121.98289833068847 72.92173099517822
line 0.058788709342479706 117.06332397460938 72.21668515205383 126.76866722106934 73.08390464782715
line 0.0654698982834816 123.00254821777344 71.44448699951172 127.74352188110352 73.49193878173828
line 0.41610151529312134 77.66187896728516 70.99463729858398 127.58641662597657 74.92772064208984
line 0.1452954113483429 83.57801361083985 71.21719760894776 125.23668975830078 74.71156997680664
line 0.03762789070606232 115.25005626678467 71.91763515472412 122.23231925964356 73.31589756011962
line 0.4254979193210602 88.99749145507812 72.02206039428711 127.86485748291015 74.63200206756592
line 0.06464385986328125 78.43225002288818 76.38349533081055 82.94249305725097 71.6524871826172
line 0.01112548727542162 93.59910278320312 72.40248031616211 129.2924591064453 74.70674667358398
line 0.3737682104110718 74.63647174835205 79.4132137298584 77.79197750091552 70.84316596984863
line 0.021173153072595596 94.59800305366517 62.99885711669922 94.80874853134155 87.71784210205078
line 0.13909627497196198 63.67581062316894 76.10584926605225 75.05020370483399 76.17239074707031
line 0.1488664299249649 67.43765373229981 75.74165008068084 79.07907905578614 76.36429378986358
line 0.1443847119808197 61.85539608001709 77.06529378890991 67.28162231445313 75.98291997909546
line 0.17359992861747742 70.20837783813477 76.11993849277496 85.02121810913086 77.27337408065796
line 0.19778381288051605 60.926300811767575 77.70643033981324 63.39883279800415 76.44836378097534
line 0.09794611483812332 74.50745735168456 79.20278606414794 77.08095626831054 74.96943855285645
line 0.3539693355560303 75.79484367370605 76.75283818244934 86.50495376586915 77.77216820716858
line 0.1160227432847023 74.69869723320008 79.51185874938965 76.23100299835205 76.3844207763672
line 0.5535770654678345 84.46684989929199 83.63470420837402 89.17694473266602 71.77946548461914
line 0.40544673800468445 62.024652099609376 77.27426619529724 74.86871795654297 79.06218900680543
line 0.08807848393917084 78.4066556930542 77.08010845184326 78.45405979156494 82.19808254241943
line 0.3922692537307739 94.57260179519653 72.67591705322266 94.70279121398926 87.03262634277344
line 0.1415921151638031 61.65244140625 79.46539692878723 72.60968551635742 81.29699382781982
line 0.06734977662563324 74.08224935531616 80.07772436141968 74.5788206577301 80.49065971374512
line 0.0908399447798729 94.49494819641113 72.55906219482422 94.71892027854919 91.65712814331054
line 0.45146435499191284 61.715380859375 79.4576400756836 90.7525650024414 85.34947261810302
line 0.010688131675124168 123.02681217193603 90.85088195800782 124.30513410568237 75.02784881591796
line 0.15359777212142944 71.27139663696289 81.26089782714844 90.46502380371093 85.5232666015625
line 0.037648845463991165 84.55907878875732 83.53592205047607 90.62348785400391 85.79022302627564
line 0.07946018129587173 122.79674901962281 96.43873291015625 124.51845808029175 74.38372650146485
line 0.01994866132736206 91.52478046417237 87.35537219047546 95.02396583557129 87.37427525520324
line 0.021203812211751938 54.83434143066406 94.00691986083984 71.13772506713867 81.1953025817871
line 0.3163752257823944 90.54664499759674 85.44935989379883 91.84020929336548 91.92974586486817
line 0.07378286123275757 25.386705017089845 90.80848808288575 31.758062744140624 86.96242389678955
line 0.027733860537409782 92.44267220497132 88.15633430480958 94.01764802932739 89.83505859375
line 0.010017736814916134 122.6718521118164 96.99398498535156 123.96908340454101 83.09654693603515
line 0.012650917284190655 88.21116132736206 94.74308357238769 90.23382720947265 87.38104248046875
line 0.01863270439207554 15.78239860534668 91.02916359901428 28.83555679321289 92.38830661773682
line 0.39781317114830017 23.136262512207033 90.47142038345336 29.264014434814452 94.09277038574218
line 0.026584116742014885 25.486843490600585 89.88120613098144 35.69562034606933 94.92825698852539
line 0.10207004845142365 11.012743759155274 95.36758766174316 23.27340774536133 90.75381717681884
line 0.09779614210128784 11.651182937622071 95.24626731872559 23.689540481567384 90.73052406311035
line 0.3434007465839386 91.32796020507813 92.20650453567505 94.47941589355469 93.63497161865234
line 0.011089999228715897 92.58306655883788 91.35124855041504 113.47122726440429 96.47308502197265
line 0.010203815065324306 92.84021759033203 91.29290542602538 114.68591079711913 96.72111358642579
line 0.10276859998703003 11.754385566711425 95.27871608734131 17.909718322753907 92.94114360809326
line 0.019014498218894005 123.43925457000732 89.75986366271972 128.04669494628905 99.57616119384765
line 0.06693579256534576 91.9464111328125 91.64083652496338 122.82087554931641 98.38744430541992
line 0.13229632377624512 9.596262741088868 94.37532033920289 13.149918365478516 96.4315767288208
line 0.019680455327033997 22.573809242248537 96.8012128829956 28.8026611328125 94.2003330230713
line 0.2198067605495453 94.47718091011048 93.56082420349121 94.73916521072388 97.88736267089844
line 0.04716816172003746 94.1272964477539 92.65155944824218 127.38963623046875 99.57219924926758
line 0.04814235493540764 94.33712158203124 93.28859939575196 127.72255249023438 100.43872985839843
line 0.03293190523982048 101.63149583339691 99.55552711486817 102.88004369735718 95.12191410064698
line 0.08532483130693436 0.3036712646484375 101.09886817932129 10.046707916259766 94.36694602966308
line 0.047553010284900665 11.291259956359863 97.25767092704773 15.10570831298828 97.77698273658753
line 0.06818107515573502 88.38970584869385 103.58915519714355 91.33516693115234 92.09874038696289
line 0.6443108320236206 28.866190671920776 94.04344253540039 29.09023771286011 102.442578125
line 0.3254131078720093 122.8674509048462 95.49726428985596 127.8818904876709 101.13284702301026
line 0.016279859468340874 5.3624927520751955 100.63030090332032 13.240128326416016 96.8561798095703
line 0.04277929663658142 0.5360176086425781 105.46547584533691 25.106700134277343 92.86400985717773
line 0.021657900884747505 0.3008056640625 103.28660507202149 13.252200317382812 97.06624412536621
line 0.4737001955509186 0.3438873291015625 107.32300567626953 29.034800720214843 93.57333602905274
line 0.0780419334769249 22.57427101135254 97.63100204467773 29.519013977050783 103.2454496383667
line 0.09701769053936005 81.8369743347168 117.69605560302735 90.65039443969727 84.96804809570312
line 0.06880329549312592 123.57614288330078 94.82575149536133 132.40571365356445 107.55543403625488
line 0.3197930157184601 94.37807922363281 97.53946075439453 127.83722686767578 106.46867294311524
line 0.0708373486995697 0.20684432983398438 105.56606750488281 13.882037353515624 99.03199882507325
line 0.03443043678998947 25.820895385742187 90.15010986328124 78.83094482421875 114.43930358886719
line 0.05625017732381821 17.34906063079834 99.93326053619384 24.4213508605957 106.2423309326172
line 0.037442076951265335 95.54464874267578 97.4610809326172 132.56306915283204 108.08933334350586
line 0.08027838170528412 27.333761596679686 90.41222229003907 81.76598205566407 117.34798583984374
line 0.016775764524936676 94.29474182128907 97.46852760314941 141.17025604248047 110.12963180541992
line 0.15301008522510529 80.97400360107422 123.08345642089844 90.29281196594238 85.57117919921875
line 0.011292479000985622 34.47096710205078 92.11503295898437 82.09401092529296 117.77337646484375
line 0.06799563020467758 85.29857540130615 118.72958831787109 91.32159423828125 91.89201049804687
line 0.1964169591665268 11.943766021728516 102.39586944580078 18.22727699279785 109.62015304565429
line 0.015747757628560066 20.33183307647705 108.44055576324463 26.16302032470703 105.21754035949706
line 0.1710602194070816 80.14456558227539 126.48231353759766 89.93509483337402 86.24820861816406
line 0.02198295295238495 92.73592643737793 120.96120758056641 94.15605430603027 93.38529968261719
line 0.16473887860774994 84.16486968994141 125.395068359375 91.45561752319335 92.328955078125
line 0.02696581929922104 50.68293642997742 115.3257049560547 51.56409392356873 102.77455978393554
line 0.16206075251102448 84.15345268249511 126.34067840576172 91.23730926513672 92.48218078613282
line 0.042325060814619064 51.68238525390625 101.93519439697266 82.42981262207032 117.62682418823242
line 0.4632636606693268 92.57659864425659 127.052978515625 94.10181264877319 93.4697998046875
line 0.053223248571157455 24.069363641738892 106.07680549621583 24.396250629425047 114.99933280944825
line 0.015279642306268215 9.811216735839844 95.97213745117188 52.22684783935547 126.173974609375
line 0.49391496181488037 0.81439208984375 120.42978057861328 29.178385925292968 102.9924934387207
line 0.018557261675596237 17.91201171875 109.99911308288574 23.08654899597168 114.56663703918457
line 0.14902567863464355 92.52606391906738 127.81800537109375 94.02940149307251 96.02448425292968
line 0.0108041288331151 15.78971462249756 114.14048519134522 19.781961822509764 111.10908298492431
line 0.3713449239730835 21.564451599121092 97.14532928466797 68.78290557861328 128.12951049804687
line 0.20415346324443817 0.9888919353485107 107.1484878540039 1.3839128494262696 120.43579940795898
line 0.04399527981877327 -2.0401947021484377 122.21787719726562 26.415071105957033 105.05339202880859
line 0.21614837646484375 16.99773406982422 98.81593475341796 54.22661590576172 128.51781311035157
line 0.03266008943319321 5.293203735351563 100.69673004150391 38.78460693359375 128.223681640625
line 0.02987363375723362 92.03008165359498 130.5387390136719 94.0524492263794 99.22776794433594
line 0.0858258455991745 9.159823608398437 102.79687957763672 39.13928070068359 128.6968200683594
line 0.423694908618927 29.70783233642578 102.86185913085937 68.689453125 127.81678466796875
line 0.031028658151626587 91.95499963760376 131.46073455810546 93.96323661804199 99.75398864746094
line 0.07607360929250717 0.5267036437988282 120.66217842102051 14.180519104003906 112.57590065002441
line 0.1794949769973755 24.361355590820313 105.16224060058593 54.457846069335936 128.40799255371093
line 0.023210497573018074 30.294248962402342 103.83440399169922 73.13741302490234 130.57024230957032
line 0.021911440417170525 0.8088005065917969 122.8093978881836 18.516659545898438 112.27422485351562
line 0.021646372973918915 30.53745880126953 103.89499359130859 75.3225601196289 131.70440979003905
line 0.040203604847192764 0.2893486022949219 122.9732494354248 14.75304946899414 113.63587226867676
line 0.018617745488882065 30.77342987060547 104.09763946533204 76.56946868896485 132.17372436523436
line 0.3409601151943207 18.259703063964842 110.29189758300781 37.498756408691406 128.10095672607423
line 0.0839235782623291 15.206429290771485 112.18414916992188 29.293216705322266 127.80529251098633
line 0.015447891317307949 6.878620147705078 124.60394592285157 18.963970565795897 115.91156387329102
line 0.04134221002459526 3.9627471923828126 127.50832252502441 18.759365844726563 116.16894035339355
line 0.29168158769607544 10.410356903076172 127.65613555908203 24.3453010559082 116.71678581237794
line 0.07384985685348511 23.884449005126953 116.58885917663574 37.355229187011716 128.4068874359131
line 0.012247639708220959 81.20050168037415 126.62094116210938 82.04557762145996 118.67449760437012
line 0.012108312919735909 4.799898529052735 131.5529052734375 23.65728302001953 117.74648666381836
line 0.010583462193608284 20.399505615234375 112.16924591064453 48.12324829101563 138.33400268554686
line 0.016306903213262558 81.3747570514679 126.3870246887207 81.88328552246094 124.09370632171631
